circle -5.885246394058572 -4.893847060417363 5.67632703976755
donut 7.977942736782374 -8.382802062942547 0.6657630181354002 7.525158536225426
donut 8.24666067975452 -3.132390322955474 3.443380958655977 0.5473863237530419
circle 6.766171087297202 9.76940308541256 4.18761338059153
circle -0.5604185193645765 3.9073502983254365 1.701774200257642
triangle -1.401088375724262 -6.9966860524371866 -5.7263183523818695 -5.994103643934259 9.228822469514352 6.090204544443093
donut -6.54616234560655 5.543143813177817 3.948210612658162 4.405529255752104
circle 7.403682682084959 -6.280556557213819 6.46411047404464
triangle -5.405039466975281 0.3537530294971809 2.31652190556969 0.14659771084357232 9.382740017373255 -6.6894985946860235
donut -2.7049497495072767 6.944348302703478 6.191383082277123 1.2318184229562745
donut -9.456029165608182 2.5516309689839893 2.515680798307409 7.15581239774711
circle -4.705266618718116 5.9728869005440615 1.7198264097884364
triangle -3.449662964928195 0.4646150152392625 9.933687577639795 -4.802962433327784 -8.09362172207694 5.964826824423913
circle 6.371168486893005 -2.9746352990555387 1.6524259594905355
donut 1.6422605953824743 -8.117622643984255 4.86474848400586 8.895967949835553
circle 1.0848733409230071 -0.08971589136538327 8.872193679660862
donut 9.359355964406788 -3.322280987737871 1.0757518578210368 8.484577994376048
circle -2.9335420304467297 -8.376493290154945 1.7660499400150853
donut -8.760094527505032 -3.279935209067675 3.5301346349663443 1.6171663861770935
donut -0.5191536775610288 -9.230066472411341 7.780972113585057 5.239000442469912
circle -5.752949669955079 -6.489747282905518 0.5569296030716142
donut -1.9883830278906025 3.289941968717251 0.5880918455597572 9.04488878959815
circle -7.347794429492094 -4.4172469174462865 7.1970536089696555
donut 3.9921494561220587 -3.824045666536005 8.261849471585583 4.0409505804498815
donut 4.619300867148564 0.6799855993662067 3.125658828166996 4.110468225010985
triangle -8.87905867288692 -1.764106786370533 -6.8709163700893345 -4.868387548499293 -4.8835300607669385 3.017288323443699
triangle -3.4209235615542433 -0.8487013980124196 7.3520190388648885 2.188529096349402 9.164872039034751 -4.158688298916491
triangle -0.988780221877601 -5.298297988090431 5.658178159937323 9.381303636157178 1.9121175452860122 6.683565333192789
circle 3.9413915687659156 -9.776691435210797 3.097664662283562
circle 3.860924132586094 6.7597878757481915 7.959205079609065
circle 4.318030998589837 3.687179929075926 8.18079128720871
triangle 6.116792037199993 7.540099674673417 8.543605713894543 2.0868272025559325 2.6204776080551255 5.054362367568054
triangle 9.275420421719108 9.151921789293503 3.917649452921646 -8.049971174894072 -1.1058984591565242 7.378737184917146
triangle 3.77635737353701 -6.763699189016153 -1.7637819384190436 6.194173963910966 -4.119996110551876 3.1796571953681045
triangle 2.7418370250853403 2.305244243966298 -4.055379008059543 -5.786696971053238 8.003956050670709 -4.310729749602085
circle -3.2428979672842946 -0.976103648162157 8.953914092990814
circle 6.540009954354694 -3.4358338750174378 4.750885129001862
donut -1.121798174783029 6.543636111600694 9.307559438469694 6.90737623543936
donut -7.879242444375101 -8.477114502106552 7.027399839674825 6.39328895990773
circle 6.299546996541384 -2.905424910182748 5.3131521817323
circle 8.776745771668399 -1.1626477889742741 5.236447165087112
circle 5.661417893158214 -7.8151665041927405 1.645440542830826
triangle 3.5332351872349594 -6.039115182632004 6.635523163843608 -7.860592315484651 4.412875312363857 -6.889149975409705
triangle 8.561999489118499 8.690318898061623 3.3533204071844214 3.3978920468802993 9.178672738117964 -5.575000043985003
triangle 4.32413874658134 8.509342230090972 8.37732006531946 1.8844059779596716 7.219439213733718 3.921162302327927
triangle 7.444851474311523 0.5086854286208222 -6.87134414622856 1.0447659625337025 -0.19052749642250966 1.5157959457119912
circle -6.740205422834 2.799450442184522 9.403337831472827
circle 7.306433839785786 1.8189069139316203 6.751911038155022
donut -9.26041513637755 4.204636972446604 5.039286045688023 7.315451591146788
donut 3.5839648183739428 -1.2128823260208357 8.252662801555454 6.040211822506284
triangle -8.298412512697109 3.8058946335156634 -2.673559489248138 3.689541970618219 2.1976451142824 -3.466584693933184
triangle -6.14944105052782 -6.2047884239880275 -4.65614672960106 -9.449753481164809 -6.155462849638416 8.409070793935282
triangle 3.1904496493534005 -7.785180572749432 6.351281671603989 -4.627814936741153 -8.501321564023954 -4.739574199653265
donut -2.198150482886123 3.064675531277567 1.4282608342680614 9.142109058837143
triangle 4.153088883332314 -5.911327823256258 -7.655008768469886 -4.966914197115228 8.751246280871303 8.31916599631047
triangle 3.466563517747856 -1.6185105096850556 -6.192394538949504 -3.737836965004573 -2.9834681408223034 9.07272166567257
triangle 1.4188658268240637 -9.347948403254865 -5.516519904680708 7.4493820779611255 -8.755620067641106 -8.922086123966139
triangle 7.377810569148217 8.709279543941697 8.301118361837673 -9.387630107789487 -2.4423389914941325 8.478278052667857
donut 5.382630022304085 -1.2611575266349 7.672799440342032 4.445006755752167
circle -3.2333804416818506 -5.246425867692803 8.41636983150453
donut 6.081563359624916 -1.0917426619744397 4.201905581465452 1.3153757444458192
triangle 9.91601251786383 -9.707806241779588 -1.8974035575026793 -2.6991938077609934 7.400171633232404 -1.877604493211214
circle -0.5756853964817417 2.217038153183246 9.171864445063806
triangle -0.5840261846730677 0.17564089499316715 0.13324759810392273 -2.4585970795343233 5.31634536745964 -9.924173962727856
circle 1.0096022616999605 -6.224093997472611 4.457204926029208
circle -1.1590188862268835 6.953034739934033 6.88464259861588
triangle -0.17762793529601595 -5.732101436307886 4.656523037523465 0.7090714718123472 3.118459156561892 -9.803070091144178
triangle -6.003303488165996 -8.348899596246921 -1.0785020921478647 1.9135979994640095 -2.9100879488378384 8.788378404293375
donut -8.18258103534159 1.1833548153678226 2.3104219213130395 0.14884711911412274
circle -5.2420129404177285 -3.0499261079028788 6.630438403321267
triangle 0.2561658113985814 9.087323179444297 5.054142888051135 3.7044944949613665 7.812616773312907 1.6576999666628822
triangle -7.085695220080275 -3.0767181428958317 8.827966756328635 -1.9229664543040101 6.003169197652724 4.375403668211115
donut -9.136721282155765 2.46247751345679 3.664303573168225 6.6371085023748
circle 9.353966167481957 4.12817137779043 2.160672892096688
circle -9.97763826688349 2.2480594481649376 0.2753582506209229
triangle -3.9362664218516885 2.7027061377684785 3.651986689990176 4.019478578254695 -1.5733662032092433 3.332952439072411
triangle 2.7322654023906097 2.0582530731677284 9.56293322474664 6.942602344788643 9.583368856246882 5.167982542013336
donut -3.4326442361628757 -4.586100133350676 9.482961385254994 0.5100749721462006
circle 8.203041635857588 -3.3559547598031703 7.44820985082221
circle 7.720684060722256 1.4028557811290572 2.5109691441584667
circle 2.2130846838207763 -7.513423186652628 2.858601384687356
triangle 5.63046376527479 5.475020518462658 -0.6446159675750547 5.988957443123459 -7.090645810268461 8.490467600727058
triangle -7.686748836212452 -7.048577227261941 9.513046766297155 9.905232396675142 8.627200032191624 4.194400423747169
circle -1.719929809973289 1.9994120331744387 8.024827543706664
circle 0.6075925863019478 -9.749170424578908 0.49242325062113346
triangle 5.566212589838173 -8.745689526723332 -3.3409844239492585 -4.904989173245826 -8.260168382361936 -6.843759002615197
circle -8.265946266287795 2.3958932784082805 3.3206986262790528
donut -2.3934060020882253 8.187268702707225 2.1049616049700717 3.860921503382795
triangle 4.245873025186228 3.40795943304707 -4.254642834112183 5.367604839786207 4.327305084297093 1.0511007269406552
donut -4.647011724651284 3.982229598246377 1.851265049103219 7.890919758623138
triangle 7.17160849259708 6.015320174665991 -0.2809656814882544 -0.40830465676225103 6.30930364404648 -6.9789401223967085
circle -4.115252861539598 -5.593019292288273 7.52230612025183
triangle -6.650535014585259 9.812641719639025 -5.352527496485826 -5.974149819153354 4.051475925856726 8.975531124424748
circle 3.5075771229270423 9.309665772453801 0.3682783643773291
triangle 7.9505606416758745 8.248429803203674 -3.165219219789215 -1.4090840764339347 -1.8016910704819562 -0.24848564438944898
triangle -7.371466623579521 5.594532440811468 -3.9812684146637034 -0.46167444567709737 3.3403557510639175 -6.057183238733533
circle -8.95009356606976 -3.310219642681707 5.783775613215829
triangle -1.7223213223838574 1.596049480859092 -0.30012120226905026 -2.8304262394199213 7.3170202477332715 -0.4360864355678089
triangle 8.811516714526249 -8.974079186099743 4.10862382981529 -7.638363186326016 2.140099703651554 -9.292474491499673
triangle -8.883568415121166 -3.323794674719281 9.423782471841943 0.2891649956973925 8.3238202106963 2.5759058391275165
